# Created by Octave 4.0.3, Tue Aug 16 11:21:09 2016 GMT <unknown@Srwong>
# name: A
# type: matrix
# rows: 3
# columns: 4
 1 2 3 4
 5 6 7 8
 9 10 11 12


# name: B
# type: matrix
# rows: 2
# columns: 3
 1 2 3
 4 5 6


# name: ans
# type: sq_string
# elements: 1
# length: 30
C:\Users\Alex\Documents\Octave


